[
{"cell_id":"2","thickness":124,"sigma":0.000563,
 "O2":1.85,"dew":-78.4,"date":"2021/8/25", "O2_":4.45,"dew_":-79.1,"date_":"2021/8/30",
 "ppo": 200,"acceptor_amount":106,"h1":200,"t1": 30, "h2": 280, "t2": 30,
 "yield":238.3,"ct_amount":222,"salt_amount": 223},
{"cell_id":"3","thickness":103,"sigma":0.000234,
 "O2":1.85,"dew":-78.4,"date":"2021/8/25", "O2_":4.45,"dew_":-79.1,"date_":"2021/8/30",
 "ppo": 200,"acceptor_amount":106,"h1":200,"t1": 30, "h2": 280, "t2": 30,
 "yield":238.3,"ct_amount":222,"salt_amount": 223}
]